function gauss = GenerateGaussMaskForOrientation


gauss25 = [	0.02546481,	0.02350698,	0.01849125,	0.01239505,	0.00708017,	0.00344629,	0.00142946;
			0.02350698,	0.02169968,	0.01706957,	0.01144208,	0.00653582,	0.00318132,	0.00131956;
			0.01849125,	0.01706957,	0.01342740,	0.00900066,	0.00514126,	0.00250252,	0.00103800;
			0.01239505,	0.01144208,	0.00900066,	0.00603332,	0.00344629,	0.00167749,	0.00069579;
			0.00708017,	0.00653582,	0.00514126,	0.00344629,	0.00196855,	0.00095820,	0.00039744;
			0.00344629,	0.00318132,	0.00250252,	0.00167749,	0.00095820,	0.00046640,	0.00019346;
			0.00142946,	0.00131956,	0.00103800,	0.00069579,	0.00039744,	0.00019346,	0.00008024];

%gauss25 = [0.02350693969273 0.01849121369071 0.01239503121241 0.00708015417522 0.00344628101733 0.00142945847484 0.00050524879060;
%           0.02169964028389 0.01706954162243 0.01144205592615 0.00653580605408 0.00318131834134 0.00131955648461 0.00046640341759;
%           0.01706954162243 0.01342737701584 0.00900063997939 0.00514124713667 0.00250251364222 0.00103799989504 0.00036688592278;
%           0.01144205592615 0.00900063997939 0.00603330940534 0.00344628101733 0.00167748505986 0.00069579213743 0.00024593098864;
%           0.00653580605408 0.00514124713667 0.00344628101733 0.00196854695367 0.00095819467066 0.00039744277546 0.00014047800980;
%           0.00318131834134 0.00250251364222 0.00167748505986 0.00095819467066 0.00046640341759 0.00019345616757 0.00006837798818;
%           0.00131955648461 0.00103799989504 0.00069579213743 0.00039744277546 0.00019345616757 0.00008024231247 0.00002836202103];
gauss25=gauss25(:);

% calculate haar responses for points within radius of 6*scale
[j,i]=ndgrid(-6:6,-6:6);
j=j(:); i=i(:); check=(i.^2 + j.^2 <= 36); j=j(check); i=i(check);

% Get gaussian filter (by mirroring gauss25)
id = [ 6, 5, 4, 3, 2, 1, 0, 1, 2, 3, 4, 5, 6 ];
filter = gauss25(id(i + 6 + 1) + id(j + 6 + 1) *7+1);

gauss.filter = filter; 
gauss.i      = i;
gauss.j      = j;

end
